-0.445 0.133
-0.378 0.802
-0.231 0.458
-1.246 0.403
-0.325 1.093
-0.532 1.149
-0.140 0.510
-0.367 1.131
-0.423 0.997
-0.072 0.303
-0.170 0.525
-0.101 0.332
-0.073 1.234
-0.086 0.965
-0.333 0.649
0.251 0.529
0.341 0.282
-0.263 0.581
-0.317 1.189
0.034 0.700
-0.165 0.550
-0.460 0.803
0.339 1.453
0.665 1.422
0.599 1.467
-0.117 0.808
0.518 0.815
0.217 1.352
0.945 0.978
0.326 0.987
0.814 0.687
0.150 1.623
0.531 0.994
-0.010 1.471
0.145 1.220
0.419 0.630
0.116 1.263
-0.166 1.007
0.354 1.040
0.254 1.448
1.179 1.123
0.335 0.593
0.308 0.885
0.309 0.203
0.817 0.271
0.921 0.443
0.813 0.941
0.367 0.823
0.184 0.973
0.935 0.645
1.347 1.142
0.569 0.803
0.719 0.616
1.336 0.331
0.469 0.463
0.976 0.362
0.389 -0.612
1.333 0.487
0.758 0.423
0.185 0.891
0.762 0.321
0.938 1.039
0.837 0.311
1.242 0.224
1.267 0.697
0.846 0.659
0.367 0.356
0.437 -0.245
1.094 0.582
1.149 0.496
1.239 -0.074
0.622 -0.129
1.118 0.114
1.319 0.198
0.372 0.395
0.463 0.154
0.468 0.006
0.214 -0.605
0.506 0.094
1.031 0.279
0.619 -0.238
0.331 -0.356
0.938 0.221
0.101 -0.079
0.929 -0.125
0.937 -0.699
0.300 -0.769
0.653 0.281
1.100 -0.534
-0.077 -0.084
0.767 -0.243
0.600 -0.365
1.047 -0.382
0.488 -0.685
0.986 -0.849
0.621 -0.728
0.402 -0.710
0.785 -0.626
0.701 -0.527
1.114 -0.560
0.721 -0.149
0.504 -0.739
-0.064 -0.713
-0.105 -0.722
0.349 -1.159
0.206 -1.038
0.489 -0.847
0.757 -0.517
0.432 -0.836
0.332 -1.203
-0.120 -0.994
-0.267 -1.174
0.180 -0.980
0.031 -0.946
0.352 -0.528
-0.461 -1.339
0.397 -0.603
0.317 -1.182
-0.076 -0.857
0.167 -0.946
-0.652 -0.962
-0.512 -1.460
-0.050 -0.800
0.055 -0.618
-0.210 -0.978
-0.340 -1.064
-0.158 -1.191
-0.509 -0.365
-0.430 -0.720
0.166 -0.949
-0.077 -0.795
0.225 -1.292
-0.559 -0.792
-0.349 -1.232
-0.931 -0.684
-0.374 -0.579
-0.872 -0.511
-0.859 -0.697
-1.305 -0.871
0.178 -1.164
-0.891 -1.401
-0.476 -0.447
-0.044 -1.330
-0.647 -0.968
-0.931 -0.610
-0.680 -0.374
-0.583 -0.907
-0.864 -0.650
-0.914 -1.178
-0.914 -1.126
-1.287 -1.085
-0.962 -1.185
-1.165 -0.475
-1.354 -0.770
-0.322 -0.567
-1.056 -0.816
-1.065 -0.497
-1.050 -0.720
-1.380 -0.972
-0.916 -1.064
-1.592 -0.131
-0.765 0.037
-0.703 -0.549
-1.255 -0.766
-0.532 0.148
-1.556 -0.168
-0.835 -0.659
-0.868 0.248
-0.627 0.149
-1.217 -0.109
-1.229 -0.768
-1.189 0.487
-1.216 0.104
-0.936 -0.168
-0.898 -0.398
-0.703 0.023
-0.652 -0.270
-1.523 0.069
-0.868 0.511
-1.952 0.205
-0.315 0.198
-0.711 0.417
-0.357 0.636
-0.791 0.576
-0.813 0.549
-0.839 1.035
-1.186 0.864
-1.348 0.667
-0.598 1.151
-1.105 0.412
-1.391 0.266
-0.908 0.295
-0.809 0.638
-1.017 0.553
-0.436 0.521
-0.718 0.353
-0.440 0.137
-0.957 1.032
-0.997 0.717
-0.756 0.498
-0.775 0.766
-0.327 0.613
-0.402 0.925
0.250 1.268
0.042 0.693
-0.343 1.054
-0.749 0.517
-0.345 0.547
0.750 0.954
-0.309 0.854
-0.015 1.153
0.177 0.668
0.269 1.179
0.219 0.912
0.435 0.935
-0.512 0.919
-0.308 1.496
0.088 1.382
0.310 0.815
-0.576 0.789
0.231 1.125
-0.387 0.718
0.371 0.950
-0.600 0.581
0.307 1.602
-0.259 1.073
0.678 1.441
-0.355 0.899
-0.001 1.436
0.000 1.213
0.433 0.452
0.623 0.485
0.821 1.299
0.497 1.292
0.552 0.854
0.877 1.235
0.201 0.370
0.456 0.140
0.556 0.360
0.272 0.437
0.604 1.078
0.737 1.625
0.888 1.283
1.051 1.097
0.752 0.795
0.199 0.276
0.631 0.823
0.823 0.528
0.856 0.899
1.145 0.232
0.701 1.037
1.700 1.144
0.945 0.752
0.189 0.733
1.053 0.515
0.891 0.458
0.520 0.856
0.522 0.440
0.720 0.527
1.127 0.078
1.277 0.656
1.250 0.371
0.661 -0.306
0.626 0.301
1.490 -0.068
1.653 0.465
0.834 0.675
0.952 0.528
1.230 0.153
1.278 0.476
1.268 0.411
1.003 0.578
1.362 -0.464
1.081 -0.322
0.357 0.164
0.746 0.104
0.662 0.059
0.586 0.287
1.229 -0.344
1.365 -0.398
0.916 -0.078
0.313 -0.166
1.009 -0.652
0.954 -0.149
-0.054 0.068
0.621 -0.013
0.338 -0.256
1.657 -0.371
1.367 -0.486
1.007 -0.676
0.845 -0.690
0.991 -0.634
0.952 -0.762
0.987 -1.027
0.520 -0.821
0.122 -0.433
0.427 -0.474
0.746 -0.597
0.821 -1.247
0.668 -0.828
0.785 -0.472
1.017 -0.462
0.821 -1.146
0.747 -1.009
0.708 -0.989
-0.127 -1.053
0.142 -0.681
0.608 -0.727
0.691 -0.954
0.419 -1.537
0.232 -1.301
0.238 -0.873
0.623 -1.295
0.979 -0.271
0.876 -1.328
0.741 -0.395
-0.081 -0.871
-0.303 -0.820
-0.137 -0.860
-0.637 -0.841
0.352 -0.918
-0.240 -0.495
0.207 -1.363
-0.691 -0.643
-0.304 -1.598
-0.709 -0.840
-0.080 -1.699
-0.875 -0.464
-0.257 -0.591
-0.288 -1.377
-0.556 -0.988
-0.690 -1.263
-0.216 -1.587
-1.096 -1.265
-0.121 -1.533
-0.206 -0.443
-1.036 -1.164
-0.716 -0.494
-0.964 -0.803
-0.233 -0.877
-1.095 -0.130
-1.336 -0.963
-0.370 -0.637
-0.180 -0.846
-0.526 -0.218
-1.326 -1.000
-1.230 -0.203
-0.566 -1.254
-1.305 -0.723
-0.612 -0.217
-0.487 -1.153
-1.073 -0.782
-0.815 -0.650
-1.432 -0.626
-0.579 -1.178
-0.586 -0.940
-0.608 -0.732
-0.767 -0.505
-0.941 -0.229
-1.192 -0.753
-1.145 -0.841
-1.262 -0.643
-1.471 -0.849
-1.448 -0.287
-0.799 -0.187
-1.489 -0.010
-0.785 -0.433
-1.215 -0.399
-1.286 -0.058
-0.436 -0.216
-0.997 0.309
-0.755 0.192
-0.822 -0.094
-1.930 0.008
-0.694 -0.267
-1.151 -0.216
-0.973 0.133
-0.658 -0.233
-1.137 -0.204
-0.780 0.198
-0.758 -0.097
-1.324 -0.317
-1.032 0.553
-0.724 0.260
-0.428 0.474
-1.717 0.550
-1.192 0.426
-2.164 0.341
-1.140 0.499
-0.705 -0.146
-1.016 0.404
-1.084 0.729
-0.711 0.831
-0.754 0.576
-0.769 -0.571
-0.596 0.213
-0.663 -0.060
-0.685 0.247
-1.332 0.836
-0.616 0.481
-0.568 0.327
-0.653 0.600
-0.524 0.737
-0.858 0.788
-0.553 0.538
-0.491 1.102
0.381 0.774
-0.516 1.083
0.107 2.056
-0.121 0.435
-0.509 0.985
0.139 0.423
-0.512 1.097
-0.606 0.737
-0.158 1.593
0.616 1.100
0.071 1.067
-0.565 1.067
0.528 1.350
0.248 1.588
-0.408 1.137
0.269 1.137
0.131 0.845
0.327 0.201
0.656 1.087
0.360 1.245
0.345 1.105
0.898 0.953
0.134 0.740
0.462 1.315
0.070 0.694
-0.227 1.415
0.041 0.631
0.595 0.885
0.130 0.940
0.770 1.155
0.662 0.846
0.835 0.991
0.735 0.486
0.039 1.303
0.398 1.549
0.278 0.388
0.532 0.703
1.308 0.898
0.849 0.847
0.487 0.586
0.368 0.979
1.139 0.579
1.024 1.273
0.593 1.088
0.313 0.036
0.163 0.449
1.148 1.022
1.203 0.695
0.906 0.132
0.617 0.819
0.807 0.976
0.931 1.130
0.931 0.420
1.350 0.668
1.052 0.134
1.245 0.114
0.751 -0.034
0.547 0.244
0.326 0.281
0.376 0.914
1.047 0.605
1.160 0.382
1.140 0.336
1.384 -0.336
0.749 -0.238
0.480 0.295
0.258 -0.488
0.777 0.157
0.584 -0.140
2.198 -0.230
0.901 -0.337
1.111 0.256
0.109 -0.236
0.549 -0.612
0.521 -0.449
0.940 -0.255
0.991 0.558
1.121 0.230
1.248 -0.753
1.084 -0.194
0.699 0.253
1.012 -0.500
0.628 -0.464
0.630 -0.134
1.164 0.061
0.972 0.142
0.199 -0.192
0.504 -1.123
0.168 -0.395
0.431 -1.157
0.484 -0.501
1.450 -1.008
0.467 -0.618
0.001 -0.743
0.623 -1.144
0.478 -0.465
0.629 -0.929
0.068 -1.334
1.203 -0.309
0.437 -0.843
-0.040 -1.182
0.305 -1.227
0.498 -1.036
1.081 -0.971
-0.058 -0.403
0.527 -1.068
0.304 -0.573
-0.857 -1.202
0.714 -0.622
0.225 -0.866
0.342 -0.919
-0.604 -1.366
-0.199 -0.841
-0.026 -0.867
-0.645 -0.353
0.127 -1.090
0.052 -1.320
-0.415 -0.855
-0.695 -0.846
0.413 -0.950
-0.051 -0.824
0.010 -0.668
-0.977 -0.704
0.080 -1.535
-1.227 -0.769
-0.564 -1.143
-0.689 -0.344
-0.053 -0.633
-0.831 -0.881
-0.778 -0.975
-0.556 -0.691
-0.428 -0.963
-0.752 -0.818
-0.295 -1.442
-0.795 -0.478
-0.408 -1.525
-1.302 -0.842
-0.933 -1.204
-0.288 -1.009
-0.748 -0.755
-1.081 -0.117
-1.309 -1.053
-0.611 -0.757
-1.389 -0.031
-0.824 -0.770
-1.509 -0.540
-0.900 -0.665
-1.349 -0.187
-0.987 -1.143
-1.135 -1.012
-1.137 -1.186
-0.814 -0.026
-0.994 -0.545
-1.186 0.148
-1.381 -0.545
-0.676 -0.028
-1.331 -0.489
-1.335 -0.425
-0.553 -0.327
-0.807 -0.089
-1.466 0.215
-1.270 -0.664
-1.257 -0.645
-0.849 -0.051
-0.898 0.003
-1.080 0.449
-1.062 -0.424
-0.439 0.132
-1.126 0.605
-0.539 0.230
-0.779 -0.500
-0.324 0.074
-0.606 0.137
-1.156 0.234
-0.716 -0.065
-1.500 -0.244
-1.046 0.795
-0.745 -0.128
-0.766 -0.102
0.491 0.211
-0.519 0.926
-0.942 0.489
-0.738 0.048
-1.014 0.496
-0.849 0.920
-0.927 0.571
-0.907 -0.023
-0.889 0.367
-0.843 0.745
-0.740 0.567
-0.577 0.800
-0.826 -0.199
-0.968 0.910
-0.624 1.272
-0.237 0.980
-0.336 0.467
-0.655 0.961
0.104 0.515
0.275 1.303
-0.098 0.791
-0.390 0.954
-0.092 0.779
-0.684 1.097
-0.417 0.291
0.089 1.252
0.168 0.745
0.082 1.072
-0.119 1.092
-0.194 -0.016
0.081 1.042
-0.277 0.826
0.203 1.613
-0.014 0.434
0.373 1.103
0.017 1.198
0.310 1.040
-0.046 0.288
0.424 1.806
0.224 0.968
0.338 1.334
-0.441 0.692
0.006 0.462
0.459 0.609
0.702 0.474
0.669 0.898
0.261 1.110
0.727 0.745
0.878 0.563
0.812 1.283
0.359 1.294
0.826 1.370
1.026 0.974
0.801 0.259
0.595 0.883
1.236 1.070
0.768 1.408
1.075 0.663
0.397 0.900
1.214 1.076
1.461 0.350
0.688 1.518
0.287 0.539
0.239 0.405
0.710 0.792
0.763 0.843
0.771 0.270
0.628 0.494
1.304 0.979
0.706 0.941
0.705 0.181
1.074 0.328
1.250 0.336
0.621 0.427
0.986 0.718
0.704 1.338
1.419 0.136
0.649 0.421
1.002 0.240
1.680 0.390
1.330 0.612
1.326 0.755
0.696 0.435
0.263 -0.033
1.753 0.270
0.711 0.132
0.659 0.065
0.377 -0.442
1.075 0.271
1.127 -0.428
1.520 -0.281
0.736 -0.649
0.844 -0.023
0.481 -0.543
0.667 -0.457
1.377 -0.347
0.486 -0.338
1.417 -0.451
0.549 0.035
0.773 -0.581
0.864 -0.544
1.269 -0.431
0.200 -0.583
0.351 0.256
0.829 -0.573
0.432 -1.020
0.758 -0.537
1.186 -0.378
1.062 -0.236
0.849 -1.565
0.723 -1.372
0.695 -0.939
0.724 -0.003
-0.248 -0.645
0.742 -0.665
0.762 -0.472
0.246 -0.496
0.704 -0.646
0.281 -1.273
0.173 -1.041
-0.134 -0.396
0.864 -0.727
0.436 -1.083
0.143 -0.622
0.103 -0.919
0.326 -0.827
0.633 -1.173
0.571 -1.288
0.349 -0.487
0.423 -0.645
-0.193 -0.827
-0.388 -1.066
0.248 -1.257
-0.263 -0.584
-0.331 -0.798
-0.041 -0.952
-0.665 -0.893
0.248 -1.138
-0.530 -0.951
-0.405 -1.099
0.069 -0.836
0.233 -0.840
-0.779 -1.245
0.176 -1.272
-0.509 -1.069
-0.066 -1.039
0.036 -0.677
-0.819 -1.112
-0.575 -1.329
-0.579 -1.206
-0.327 -1.006
-0.136 -1.291
-0.557 -0.861
-0.297 -1.259
-0.606 -1.033
-0.853 -1.253
-1.132 -1.225
-0.709 -0.724
-0.613 -0.673
-0.733 -0.834
-1.506 -0.805
0.038 -1.601
-0.591 0.052
-0.646 -1.083
-1.048 -1.223
-0.782 -1.431
-1.068 -0.488
-0.964 -0.902
-1.322 -0.323
-1.069 -0.733
-0.906 -1.020
-1.485 -0.180
-0.832 -0.656
-1.200 0.091
-0.545 -1.273
-1.050 -0.015
-0.691 -0.145
-0.861 0.074
-1.360 -0.490
-0.641 -0.135
-1.410 0.283
-0.347 -0.197
-0.206 -0.114
-1.389 -0.140
-1.164 -0.023
-1.193 -0.122
-0.678 -0.717
-1.003 0.058
-0.883 0.109
-1.089 0.150
-0.923 -0.098
-0.856 -0.055
-1.012 0.369
-1.134 0.190
-0.459 -0.123
-0.720 0.259
-0.511 0.245
-0.980 0.010
-0.485 -0.032
-0.860 -0.008
-1.081 0.289
-1.022 0.569
-0.291 -0.295
-0.730 -0.489
-0.490 0.700
-0.697 0.559
-0.435 0.272
-0.443 0.527
-1.213 0.412
-0.730 0.504
-1.403 1.053
0.491 0.835
-0.646 1.222
-0.242 0.816
-0.739 0.748
-0.725 0.866
-0.203 1.037
-0.664 0.973
0.264 0.513
-0.147 0.309
0.334 1.554
-0.021 1.250
-0.394 1.074
-0.002 0.426
-0.329 0.834
0.198 1.371
0.367 0.527
0.348 0.622
0.020 0.420
0.146 0.859
-0.130 0.792
-0.069 1.020
-0.130 1.555
0.568 1.459
-0.878 1.065
-0.138 0.699
1.222 0.819
-0.444 0.818
-0.655 0.934
-0.024 0.762
-0.074 1.536
0.343 1.642
0.465 0.720
1.072 0.708
0.436 0.528
0.243 1.342
0.458 0.807
0.344 0.599
0.658 0.928
0.640 1.113
0.554 0.769
1.164 0.994
-0.068 1.251
0.688 1.424
0.847 1.037
0.063 1.038
0.325 0.182
0.437 1.112
-0.181 0.575
0.313 0.693
0.936 0.774
1.577 1.128
0.795 0.850
0.543 0.818
0.554 0.457
0.529 0.438
0.974 1.019
1.208 0.003
0.905 1.045
1.227 0.999
0.480 0.258
0.255 0.411
0.617 0.391
1.383 0.265
1.011 0.320
0.957 1.339
1.123 0.537
1.244 0.835
1.168 0.837
0.536 0.365
1.902 0.518
0.349 0.308
0.856 -0.125
1.093 0.513
0.922 0.741
0.933 0.281
0.516 0.041
1.451 -0.446
1.159 0.526
1.359 0.034
1.344 -0.571
0.816 -0.479
1.308 -0.249
0.823 -0.250
1.095 0.318
1.343 0.630
0.998 -0.524
0.814 -0.094
0.664 -0.556
0.912 -0.559
1.089 -0.055
0.470 -0.496
0.422 -0.008
0.483 -0.612
0.752 -0.223
0.955 -0.728
1.115 -0.914
0.964 -0.892
0.245 -1.241
1.212 0.524
0.876 -0.432
0.750 -0.503
0.389 -0.712
0.208 -0.547
1.419 -0.637
0.888 -0.762
0.434 -0.985
0.399 -0.324
0.955 -0.847
0.731 -0.252
0.235 -0.733
0.532 -1.109
0.149 -0.688
0.192 -1.016
0.291 -1.520
-0.464 -0.716
0.490 -1.129
0.426 -0.552
-0.601 -1.247
-0.105 -0.104
0.351 -0.395
0.016 -1.065
-0.798 -1.479
-0.217 -0.813
-0.019 -0.694
0.030 -1.049
0.402 -1.157
-0.105 -1.044
-0.270 -1.138
0.151 -0.879
-0.129 -0.792
0.412 -1.534
-0.306 -0.914
0.286 -1.124
-0.927 -0.267
0.669 -1.041
-0.256 -1.033
-0.724 -1.413
-1.276 -1.072
-0.826 -1.339
-0.025 -0.823
-1.109 -0.981
-0.808 -0.313
-0.917 -1.054
-0.512 -0.797
-0.649 -1.050
-0.781 -0.435
-0.171 -0.349
-0.439 -1.115
-0.486 -0.331
-0.616 -0.870
-1.405 -0.825
-1.137 -0.969
-0.778 -0.866
-0.948 -0.876
-0.674 -0.395
-1.111 -0.894
-0.753 -0.774
-0.839 -0.367
-1.817 -0.404
-1.395 -1.343
-1.180 -1.043
-0.861 -0.271
-0.644 -1.180
-1.601 -0.772
-0.753 -0.754
-0.694 -0.358
-1.195 0.181
-0.724 -0.619
-1.828 -0.739
-0.465 -0.413
-0.638 0.538
-0.628 -0.034
-0.868 -0.589
-0.045 0.424
-0.820 0.275
-0.692 -0.080
-1.648 -0.355
-1.084 0.631
-1.015 -0.060
-1.112 -0.089
-0.894 0.206
-0.265 -0.077
-1.122 0.328
-0.706 -0.312
-1.788 0.294
0.004 0.398
-1.479 -0.072
-0.787 -0.364
-0.863 0.003
-1.424 0.518
-1.150 0.232
-0.497 0.386
-1.091 0.599
-0.063 0.709
-0.812 -0.056
-0.885 0.686
-0.818 0.544
-1.944 0.944
-0.438 0.611
-1.409 1.556
-1.102 0.975
-0.694 0.857
-0.453 0.329
-0.458 0.512
